1.52699 1.10345e-05 2.89429e-06 9.4145e-06 3.26149e-07 -1.47985e-05 0.0570745 -0.675737 -0.600412 0.0442502 0.375479 0.361591 0.372266 1.36191e-07 1.41385e-07 2.5537e-07 0.000946552 0.00304251 0.000946428 0.00305294 0.0012885 0.00346461 0.0031538 0.0108842 0.00348658 0.0118395 0.00530818 0.0123107 5260 0 0 0 0 -0.00453206 0.0570749 0 0 0 0 -1 -1.42223e-10
1.52699 1.11412e-05 2.89429e-06 9.42651e-06 3.26149e-07 -1.48112e-05 0.0570745 -0.683894 -0.608322 0.0386102 0.378337 0.364132 0.372093 1.36191e-07 1.41385e-07 2.5537e-07 0.000950148 0.00304251 0.000949748 0.00305294 0.0012882 0.00346461 0.0031646 0.0108842 0.00349992 0.0118395 0.00531071 0.0123107 5260 0 0 0 0 -0.00242956 0.0570749 0 0 0 0.0021025 0 -1.91456e-11
1.52699 1.12478e-05 2.89533e-06 9.43856e-06 3.27102e-07 -1.48215e-05 0.0570746 -0.692054 -0.616235 0.0322292 0.381231 0.366707 0.371943 1.36191e-07 1.41385e-07 2.55373e-07 0.000953773 0.00304251 0.000953099 0.00305294 0.00128794 0.00346454 0.0031754 0.0108842 0.00351327 0.0118395 0.00531324 0.0123096 5260 0 0 0 0 -0.000327061 0.0570749 0 0 0 0.0021025 1 1.03931e-10
1.52703 1.13548e-05 2.90453e-06 9.45095e-06 3.362e-07 -1.48024e-05 0.0570754 -0.700283 -0.62421 0.0226505 0.384161 0.369319 0.371832 1.36191e-07 1.41385e-07 2.55379e-07 0.000957428 0.00304259 0.000956482 0.00305299 0.00128776 0.00346416 0.0031862 0.010884 0.00352661 0.0118396 0.0053158 0.0122957 5260 0 0 0 0 0.00177544 0.0570749 0 0 0 0.0021025 2 2.27008e-10
1.52712 1.14617e-05 2.91087e-06 9.46331e-06 3.4228e-07 -1.47895e-05 0.0570769 -0.708534 -0.632198 0.015222 0.387131 0.371971 0.37178 1.36192e-07 1.41385e-07 2.5537e-07 0.000961111 0.00304266 0.000959896 0.00305301 0.00128763 0.00346381 0.00319699 0.0108839 0.00353996 0.0118381 0.00531842 0.012297 5260 3.13083e-10 8.49902e-09 2.49871e-10 6.78305e-09 0.003878 0.0570766 0 0 0 0.00210256 3 3.50085e-10
1.5272 1.15692e-05 2.90683e-06 9.47629e-06 3.36794e-07 -1.47829e-05 0.0570784 -0.716702 -0.6401 0.00880506 0.390136 0.374656 0.371738 1.36193e-07 1.41385e-07 2.55372e-07 0.000964824 0.00304261 0.000963341 0.00305292 0.00128754 0.00346371 0.00320779 0.0108839 0.0035533 0.0118361 0.00532109 0.0122943 5260 -4.25754e-11 -9.65478e-09 -3.21592e-10 -1.55131e-08 0.00598063 0.0570782 0 0 0 0.00210262 4 4.73162e-10
1.52726 1.1677e-05 2.90316e-06 9.48962e-06 3.31181e-07 -1.47825e-05 0.0570796 -0.724848 -0.648006 0.00250905 0.393173 0.377372 0.371721 1.36194e-07 1.41384e-07 2.55374e-07 0.000968564 0.00304255 0.000966816 0.00305285 0.00128751 0.00346364 0.00322083 0.0108834 0.00356665 0.0118344 0.00532377 0.0122926 5260 -9.47077e-10 -2.45538e-08 -1.45793e-09 -3.08472e-08 0.0080833 0.0570796 0 0 0 0.00210267 5 5.96239e-10
1.5273 1.17848e-05 2.89951e-06 9.50295e-06 3.26842e-07 -1.47806e-05 0.0570804 -0.733011 -0.655938 -0.0037718 0.396242 0.380119 0.371728 1.36194e-07 1.41384e-07 2.55376e-07 0.000972332 0.00304253 0.000970321 0.00305283 0.00128751 0.00346361 0.00323669 0.010883 0.00357999 0.0118326 0.00532646 0.0122915 5260 -1.95176e-09 -2.72733e-08 -2.74373e-09 -3.49046e-08 0.010186 0.0570804 0 0 0 0.0021027 6 7.19316e-10
1.52732 1.18927e-05 2.8968e-06 9.51633e-06 3.25324e-07 -1.4779e-05 0.0570807 -0.741316 -0.663993 -0.00971092 0.399342 0.382896 0.371759 1.36195e-07 1.41384e-07 2.55376e-07 0.000976128 0.00304274 0.000973857 0.00305302 0.00128756 0.0034636 0.00325255 0.010883 0.00359333 0.0118323 0.00532915 0.0122911 5260 -3.08462e-09 -3.07529e-08 -4.13801e-09 -3.78495e-08 0.0122887 0.0570807 0 0 0 0.00210271 7 8.42393e-10
1.52729 1.20005e-05 2.90273e-06 9.52958e-06 3.26353e-07 -1.47786e-05 0.0570801 -0.749954 -0.672378 -0.015103 0.402473 0.385703 0.371806 1.36195e-07 1.41384e-07 2.55376e-07 0.000979953 0.00304347 0.000977425 0.00305371 0.00128765 0.00346363 0.00326842 0.0108845 0.00360668 0.011835 0.00533184 0.0122911 5260 -3.98306e-09 -2.43891e-08 -5.36664e-09 -3.33524e-08 0.0143914 0.0570801 0 0 0 0.00210269 8 9.6547e-10
1.52718 1.21082e-05 2.90336e-06 9.54273e-06 3.17643e-07 -1.47857e-05 0.0570782 -0.759044 -0.681213 -0.0195926 0.405633 0.388537 0.371859 1.36195e-07 1.41384e-07 2.5538e-07 0.00098381 0.00304492 0.000981026 0.00305511 0.00128777 0.00346374 0.00328429 0.0108894 0.00362003 0.0118419 0.00533449 0.0122895 5260 -4.68787e-09 -1.91331e-08 -6.81413e-09 -3.9294e-08 0.016494 0.0570784 0 0 0 0.00210263 9 1.08855e-09
1.52699 1.22171e-05 2.87573e-06 9.55688e-06 2.7197e-07 -1.48026e-05 0.0570746 -0.768792 -0.690622 -0.0231238 0.408825 0.391398 0.371916 1.36194e-07 1.41385e-07 2.55383e-07 0.000987702 0.00304739 0.000984664 0.00305741 0.00128792 0.00346386 0.00330019 0.0108981 0.00363341 0.0118577 0.00533709 0.0122858 5260 -7.65402e-09 -8.05196e-08 -1.0946e-08 -1.12164e-07 0.0185965 0.057075 0 0 0 0.00210251 10 1.21162e-09
1.52664 1.23296e-05 2.82422e-06 9.57418e-06 1.65789e-07 -1.48007e-05 0.0570681 -0.779759 -0.700983 -0.0225857 0.412042 0.39428 0.371977 1.36194e-07 1.41386e-07 2.55369e-07 0.000991633 0.0030518 0.000988344 0.00306124 0.00128807 0.00346364 0.00331612 0.0109117 0.00364682 0.0118851 0.00533959 0.0122931 5260 -1.61963e-08 -2.31889e-07 -2.21444e-08 -3.03994e-07 0.0206988 0.0570681 0 0 0 0.00210225 11 1.3347e-09
1.52606 1.24487e-05 2.7338e-06 9.59608e-06 -1.00215e-08 -1.46894e-05 0.0570572 -0.792323 -0.712858 -0.0190783 0.415281 0.397179 0.371972 1.36192e-07 1.41388e-07 2.5537e-07 0.000995613 0.00305876 0.000992072 0.00306747 0.00128818 0.00346375 0.00333209 0.010934 0.00366027 0.0119229 0.00534188 0.0123082 5260 -3.4532e-08 -4.97745e-07 -4.44138e-08 -6.0453e-07 0.0228005 0.0570542 0 0 0 0.00210174 12 1.45778e-09
1.52519 1.25775e-05 2.59185e-06 9.62908e-06 -2.28014e-07 -1.45128e-05 0.0570409 -0.806637 -0.726579 -0.0139344 0.418546 0.400105 0.371976 1.36188e-07 1.41387e-07 2.55325e-07 0.000999648 0.00306855 0.000995857 0.00307661 0.00128826 0.00346363 0.00334816 0.0109713 0.00367381 0.0119733 0.00534385 0.0123108 5260 -6.7866e-08 -9.04889e-07 -8.58057e-08 -1.12363e-06 0.0249016 0.057036 0 0 0 0.00210107 13 1.58085e-09
1.5239 1.27161e-05 2.3821e-06 9.67522e-06 -4.00544e-07 -1.44303e-05 0.0570167 -0.823814 -0.742768 0.002892 0.421813 0.403029 0.371802 1.36188e-07 1.4139e-07 2.5532e-07 0.00100375 0.00308311 0.000999713 0.00308989 0.00128822 0.00346482 0.00336434 0.0110178 0.00368746 0.0120493 0.00534544 0.0123332 5260 -1.18766e-07 -1.38173e-06 -1.46704e-07 -1.65315e-06 0.0270019 0.0570145 0 0 0 0.00210028 14 1.70393e-09
1.52196 1.28632e-05 2.01424e-06 9.73711e-06 -5.90109e-07 -1.43418e-05 0.0569804 -0.846025 -0.762675 0.0302888 0.425098 0.405951 0.371373 1.36181e-07 1.41392e-07 2.55356e-07 0.00100795 0.00310583 0.00100366 0.00310936 0.00128798 0.00346975 0.00338075 0.011076 0.00370126 0.0121763 0.00534649 0.0123422 5260 -1.9163e-07 -1.97797e-06 -2.30328e-07 -2.27007e-06 0.0291008 0.056978 0 0 0 0.00209894 15 1.82701e-09
1.5193 1.30188e-05 1.594e-06 9.81971e-06 -8.22362e-07 -1.41177e-05 0.0569305 -0.873533 -0.78681 0.05332 0.428385 0.408867 0.370735 1.36177e-07 1.41396e-07 2.55408e-07 0.00101227 0.00313757 0.00100771 0.00313607 0.00128758 0.00347797 0.00339749 0.0111761 0.00371529 0.0123575 0.00534655 0.0123625 5260 -2.88469e-07 -2.62879e-06 -3.43229e-07 -3.06479e-06 0.0311978 0.0569244 0 0 0 0.00209698 16 1.95009e-09
1.51601 1.31788e-05 1.23868e-06 9.92961e-06 -9.10884e-07 -1.37394e-05 0.0568688 -0.906614 -0.815904 0.0810372 0.431704 0.411817 0.369803 1.36176e-07 1.41398e-07 2.5553e-07 0.00101673 0.00317897 0.0010119 0.00317125 0.00128697 0.00349154 0.0034146 0.0113049 0.00372959 0.0125636 0.00534552 0.0124891 5260 -4.02897e-07 -3.10626e-06 -4.86679e-07 -3.89408e-06 0.0332924 0.0568585 0 0 0 0.00209456 17 2.07316e-09
1.51163 1.33408e-05 9.44046e-07 1.00617e-05 -8.87075e-07 -1.2995e-05 0.0567866 -0.946089 -0.851806 0.146215 0.43501 0.414711 0.36881 1.36179e-07 1.41418e-07 2.55415e-07 0.00102136 0.00323218 0.00101625 0.003219 0.00128588 0.00352365 0.00343218 0.0114564 0.00374429 0.012807 0.00534342 0.0124747 5260 -5.30053e-07 -3.45172e-06 -6.51488e-07 -4.47387e-06 0.0353835 0.0567663 0 0 0 0.00209117 18 2.19624e-09
1.50597 1.35029e-05 6.69687e-07 1.02038e-05 -1.32659e-06 -1.16044e-05 0.05668 -0.99429 -0.896674 0.199887 0.438314 0.417593 0.366348 1.36182e-07 1.4144e-07 2.56055e-07 0.00102621 0.00330161 0.00102081 0.00328333 0.0012844 0.00357532 0.00345044 0.0116375 0.0037595 0.0131139 0.00533975 0.0126284 5260 -6.67478e-07 -3.73048e-06 -8.42425e-07 -5.18307e-06 0.0374701 0.0566421 0 0 0 0.00208661 19 2.31932e-09
1.49941 1.36726e-05 5.43372e-07 1.03686e-05 -1.77536e-06 -9.32756e-06 0.0565563 -1.05203 -0.946586 0.235573 0.441715 0.420566 0.363199 1.36185e-07 1.41454e-07 2.57007e-07 0.00103132 0.00338891 0.00102561 0.00335792 0.00128265 0.00362821 0.0034695 0.011912 0.00377543 0.0135549 0.00533415 0.0127015 5260 -8.17223e-07 -4.06487e-06 -1.07263e-06 -6.24896e-06 0.0395513 0.0564943 0 0 0 0.00208118 20 2.44239e-09
1.49209 1.38533e-05 7.30433e-07 1.05651e-05 -2.06482e-06 -7.72325e-06 0.0564179 -1.11626 -0.999112 0.300939 0.445191 0.423611 0.360586 1.36204e-07 1.41475e-07 2.57333e-07 0.00103671 0.00348996 0.00103065 0.00343928 0.00128042 0.00370825 0.00348937 0.0123079 0.00379223 0.0140874 0.00532728 0.0128661 5260 -9.71033e-07 -4.1752e-06 -1.34516e-06 -7.39786e-06 0.0416281 0.0563742 0 0 0 0.00207677 21 2.56547e-09
1.4832 1.40251e-05 8.70659e-07 1.07686e-05 -2.30099e-06 -5.36268e-06 0.0562495 -1.18351 -1.05576 0.402172 0.448663 0.426647 0.355881 1.3623e-07 1.41493e-07 2.58734e-07 0.0010424 0.00359985 0.00103595 0.00353093 0.00127742 0.00386885 0.00351004 0.012724 0.00380989 0.0145327 0.00531855 0.0136631 5260 -1.11069e-06 -3.79094e-06 -1.63342e-06 -7.8249e-06 0.0436979 0.0561852 0 0 0 0.00206983 22 2.68855e-09
1.47323 1.4176e-05 1.27536e-06 1.09579e-05 -2.30485e-06 -3.47778e-06 0.0560599 -1.25237 -1.11786 0.468926 0.452273 0.429717 0.351049 1.36238e-07 1.41522e-07 2.59965e-07 0.00104839 0.00371497 0.00104154 0.00363536 0.00127389 0.00400798 0.00353154 0.0131315 0.00382855 0.0149978 0.00530745 0.0145281 5260 -1.2146e-06 -2.82048e-06 -1.90766e-06 -7.4441e-06 0.0457613 0.0560085 0 0 0 0.00206334 23 2.81162e-09
1.46258 1.43643e-05 1.65948e-06 1.11649e-05 -2.8845e-06 -7.62794e-07 0.0558567 -1.31742 -1.17944 0.536051 0.456063 0.433013 0.344105 1.36229e-07 1.41515e-07 2.62554e-07 0.00105465 0.00382479 0.0010474 0.00374033 0.00126981 0.00418694 0.003554 0.0135873 0.00384805 0.0153794 0.00529333 0.0152861 5260 -1.34182e-06 -3.45344e-06 -2.22086e-06 -8.50137e-06 0.0478163 0.0557827 0 0 0 0.00205505 24 2.9347e-09
1.45175 1.45727e-05 1.19495e-06 1.14025e-05 -3.58994e-06 3.09877e-06 0.0556494 -1.37623 -1.23402 0.557205 0.460046 0.436465 0.33569 1.36212e-07 1.41509e-07 2.6631e-07 0.00106115 0.00392395 0.0010535 0.00383377 0.00126549 0.00431555 0.00357738 0.014043 0.00386847 0.0157588 0.00527723 0.0160025 5260 -1.50621e-06 -4.46222e-06 -2.59073e-06 -1.00399e-05 0.0498626 0.0555442 0 0 0 0.00204629 25 3.05778e-09
1.44159 1.47944e-05 6.52359e-07 1.16799e-05 -3.95347e-06 5.95081e-06 0.0554541 -1.43423 -1.28316 0.594521 0.464269 0.440152 0.332333 1.36211e-07 1.41509e-07 2.66098e-07 0.00106788 0.00402162 0.0010598 0.00391704 0.00126088 0.00441388 0.00360151 0.0144048 0.00388948 0.016141 0.00525954 0.0163723 5260 -1.70389e-06 -5.36566e-06 -3.01382e-06 -1.14842e-05 0.0519027 0.0553764 0 0 0 0.00204013 26 3.18085e-09
1.43146 1.503e-05 9.32875e-07 1.19637e-05 -3.93648e-06 9.24827e-06 0.0552587 -1.48671 -1.32464 0.68251 0.4686 0.443971 0.326778 1.36229e-07 1.4151e-07 2.67381e-07 0.00107481 0.00410964 0.00106627 0.0039861 0.00125553 0.00465173 0.00362623 0.0147513 0.00391108 0.0164657 0.00524059 0.0167004 5260 -1.9051e-06 -5.46155e-06 -3.44257e-06 -1.16374e-05 0.0539353 0.0551689 0 0 0 0.00203251 27 3.30393e-09
1.42188 1.52722e-05 1.11691e-06 1.22525e-05 -3.79105e-06 1.34308e-05 0.0550734 -1.52982 -1.35843 0.692697 0.473223 0.447964 0.321163 1.36226e-07 1.41511e-07 2.68777e-07 0.00108191 0.00417849 0.00107286 0.00403986 0.00125005 0.00473487 0.00365144 0.0150909 0.00393311 0.0167033 0.00521982 0.0177006 5260 -2.10616e-06 -5.45745e-06 -3.87108e-06 -1.16313e-05 0.0559601 0.0549595 0 0 0 0.00202481 28 3.42701e-09
1.41428 1.55174e-05 1.10145e-06 1.25473e-05 -3.73114e-06 1.61421e-05 0.0549258 -1.5648 -1.38639 0.702294 0.478271 0.452352 0.316058 1.36223e-07 1.41511e-07 2.69945e-07 0.00108911 0.00422883 0.00107955 0.00407956 0.00124445 0.00481139 0.00367697 0.0153231 0.00396639 0.0168784 0.00519778 0.017673 5260 -2.31075e-06 -5.55296e-06 -4.30332e-06 -1.1732e-05 0.0579809 0.054852 0 0 0 0.00202086 29 3.55009e-09
1.40834 1.57653e-05 1.0803e-06 1.28466e-05 -3.7808e-06 1.96567e-05 0.0548104 -1.59362 -1.40851 0.710718 0.483651 0.45706 0.310756 1.3623e-07 1.41512e-07 2.71452e-07 0.0010964 0.00426497 0.0010863 0.00410553 0.00123872 0.00489032 0.00370269 0.0154563 0.00400073 0.0169891 0.00517526 0.0177026 5260 -2.51886e-06 -5.64879e-06 -4.74187e-06 -1.19036e-05 0.0599968 0.0547147 0 0 0 0.00201582 30 3.67316e-09
1.4049 1.60137e-05 1.07838e-06 1.31502e-05 -3.78906e-06 2.28436e-05 0.0547433 -1.61557 -1.4252 0.699472 0.489544 0.462229 0.30827 1.36232e-07 1.41511e-07 2.70816e-07 0.00110374 0.00428383 0.00109309 0.00411723 0.00123306 0.00488135 0.00372851 0.0155284 0.00403511 0.017035 0.00515248 0.0177711 5260 -2.72746e-06 -5.66183e-06 -5.18508e-06 -1.20298e-05 0.0620104 0.0546565 0 0 0 0.00201368 31 3.79624e-09
1.40401 1.62615e-05 1.0758e-06 1.3454e-05 -3.79287e-06 2.60657e-05 0.0547259 -1.63193 -1.43844 0.691737 0.495942 0.46786 0.305471 1.36232e-07 1.4151e-07 2.70728e-07 0.00111111 0.00428801 0.0010999 0.00411855 0.00122745 0.00488589 0.00375435 0.015548 0.0040695 0.0170401 0.0051296 0.0177449 5260 -2.93564e-06 -5.65064e-06 -5.62855e-06 -1.20368e-05 0.0640234 0.0546382 0 0 0 0.00201301 32 3.91932e-09
1.4058 1.65109e-05 1.073e-06 1.37582e-05 -3.79646e-06 2.90239e-05 0.0547607 -1.64568 -1.45089 0.679499 0.502864 0.473981 0.30337 1.36234e-07 1.41512e-07 2.70324e-07 0.00111849 0.00428317 0.00110673 0.00411448 0.00122191 0.00486968 0.00378017 0.0155163 0.00410387 0.0170221 0.00510678 0.0176485 5260 -3.14555e-06 -5.69748e-06 -6.07262e-06 -1.20532e-05 0.066038 0.0546802 0 0 0 0.00201455 33 4.04239e-09
1.41038 1.67636e-05 1.0319e-06 1.40643e-05 -3.83302e-06 3.19692e-05 0.05485 -1.65838 -1.46406 0.66831 0.510361 0.480639 0.301655 1.36234e-07 1.41514e-07 2.69879e-07 0.00112588 0.0042721 0.00111357 0.00410774 0.00121646 0.00485028 0.00380594 0.0154596 0.00413823 0.0169996 0.00508419 0.0173627 5260 -3.36016e-06 -5.82492e-06 -6.51998e-06 -1.21425e-05 0.0680558 0.0547698 0 0 0 0.00201784 34 4.16547e-09
1.41764 1.70229e-05 9.46567e-07 1.43761e-05 -3.8996e-06 3.40905e-05 0.0549911 -1.6718 -1.4797 0.66899 0.518422 0.48783 0.300773 1.36234e-07 1.41518e-07 2.68937e-07 0.00113328 0.00425847 0.00112045 0.0041019 0.00121099 0.00484415 0.00383166 0.0153897 0.00417265 0.0169899 0.00506146 0.017445 5260 -3.58459e-06 -6.0917e-06 -6.97539e-06 -1.23613e-05 0.0700797 0.0549333 0 0 0 0.00202385 35 4.28855e-09
1.42708 1.72925e-05 9.51871e-07 1.46953e-05 -3.84208e-06 3.71135e-05 0.055174 -1.68949 -1.50051 0.687054 0.526985 0.49549 0.297984 1.36235e-07 1.41529e-07 2.69823e-07 0.00114071 0.00424965 0.00112738 0.00410279 0.00120533 0.00490765 0.0038574 0.015313 0.00420722 0.0170011 0.00503818 0.0178249 5260 -3.81916e-06 -6.36709e-06 -7.43611e-06 -1.25054e-05 0.0721094 0.0550917 0 0 0 0.00202967 36 4.41162e-09
1.4384 1.75364e-05 1.30744e-06 1.49959e-05 -3.52081e-06 4.1329e-05 0.0553927 -1.71471 -1.52854 0.666604 0.535977 0.50367 0.293907 1.36253e-07 1.41528e-07 2.72126e-07 0.0011482 0.00425236 0.0011344 0.00411398 0.00119976 0.00490596 0.00388328 0.0152553 0.00424203 0.0170381 0.00501384 0.0176525 5260 -4.01491e-06 -5.31338e-06 -7.86645e-06 -1.16809e-05 0.0741459 0.0552779 0 0 0 0.00203651 37 4.5347e-09
1.45201 1.77276e-05 1.84296e-06 1.52742e-05 -3.11668e-06 4.33294e-05 0.0556543 -1.74832 -1.56419 0.673371 0.545617 0.512425 0.290448 1.36261e-07 1.41532e-07 2.74058e-07 0.00115579 0.00426651 0.00114154 0.00413582 0.00119408 0.00495633 0.00390941 0.0152519 0.00427719 0.0171311 0.00498926 0.0184444 5260 -4.13822e-06 -3.34714e-06 -8.25946e-06 -1.06679e-05 0.0761942 0.0555998 0 0 0 0.00204833 38 4.65778e-09
1.46642 1.78764e-05 2.50074e-06 1.55126e-05 -2.72608e-06 4.83153e-05 0.0559298 -1.79134 -1.61015 0.697808 0.555685 0.521527 0.281159 1.36258e-07 1.41544e-07 2.8163e-07 0.00116351 0.00429563 0.00114884 0.0041753 0.00118799 0.00515237 0.00393592 0.0152792 0.00431288 0.0173015 0.00496466 0.0191921 5260 -4.19489e-06 -1.53807e-06 -8.59834e-06 -9.19866e-06 0.0782497 0.055794 0 0 0 0.00205546 39 4.78085e-09
1.48109 1.79969e-05 3.27645e-06 1.57299e-05 -2.42862e-06 5.47351e-05 0.056209 -1.85203 -1.67218 0.731023 0.565951 0.530848 0.269383 1.36295e-07 1.41594e-07 2.92121e-07 0.00117145 0.00435659 0.00115638 0.0042443 0.00118134 0.00543217 0.00396291 0.0153755 0.00434957 0.0177049 0.00493699 0.0205049 5260 -4.19463e-06 6.87871e-09 -8.90507e-06 -8.32583e-06 0.080314 0.0560342 0 0 0 0.00206428 40 4.90393e-09
1.49524 1.81442e-05 3.47771e-06 1.59544e-05 -2.77464e-06 6.34936e-05 0.0564771 -1.93468 -1.74866 0.751114 0.576424 0.540502 0.260974 1.36354e-07 1.41629e-07 2.99377e-07 0.00117968 0.00445706 0.00116422 0.00433895 0.00117429 0.00562758 0.00399074 0.0155142 0.00438751 0.0182274 0.00490716 0.0213894 5260 -4.21385e-06 -5.21757e-07 -9.2317e-06 -8.86658e-06 0.0823858 0.0562386 0 0 0 0.00207179 41 5.02701e-09
1.50952 1.83495e-05 2.85305e-06 1.61938e-05 -3.51417e-06 7.41387e-05 0.0567463 -2.03081 -1.83356 0.751313 0.587626 0.550558 0.253917 1.36355e-07 1.41672e-07 3.05376e-07 0.00118827 0.00457747 0.00117239 0.00444742 0.00116706 0.00574891 0.00401963 0.0157892 0.00442679 0.0187788 0.00487494 0.0218463 5260 -4.31397e-06 -2.71763e-06 -9.60054e-06 -1.00122e-05 0.0844655 0.0564563 0 0 0 0.00207979 42 5.15009e-09
1.5238 1.85985e-05 2.33453e-06 1.64609e-05 -3.86571e-06 8.53112e-05 0.0570143 -2.13394 -1.92976 0.746866 0.599123 0.560921 0.249173 1.36403e-07 1.41754e-07 3.0876e-07 0.00119722 0.00470922 0.00118093 0.00457588 0.00115974 0.00580921 0.00404954 0.0163472 0.0044673 0.0192601 0.0048423 0.0216685 5260 -4.47696e-06 -4.42445e-06 -1.00101e-05 -1.11177e-05 0.0865546 0.05671 0 0 0 0.0020891 43 5.27316e-09
1.53792 1.8837e-05 2.24252e-06 1.67386e-05 -3.80869e-06 9.55667e-05 0.0572781 -2.24394 -2.03604 0.785082 0.611271 0.572113 0.249641 1.36415e-07 1.41746e-07 3.05539e-07 0.00120657 0.00484915 0.00118987 0.00471768 0.00115208 0.00586725 0.00408082 0.0168321 0.00450916 0.0198266 0.00480968 0.0228108 5260 -4.63288e-06 -4.2327e-06 -1.04281e-05 -1.13463e-05 0.0886543 0.0569988 0 0 0 0.00209971 44 5.39624e-09
1.5501 1.9036e-05 2.96973e-06 1.70184e-05 -3.51314e-06 0.000105333 0.0575045 -2.35327 -2.14293 0.889604 0.623438 0.583451 0.247652 1.36455e-07 1.4174e-07 3.04563e-07 0.00121629 0.0049884 0.0011992 0.00486046 0.00114337 0.00617933 0.00411324 0.0174351 0.00455265 0.0205221 0.00477559 0.0247849 5260 -4.72239e-06 -2.42978e-06 -1.08372e-05 -1.11077e-05 0.0907629 0.0572385 0 0 0 0.00210851 45 5.51932e-09
1.55914 1.92046e-05 3.76613e-06 1.73209e-05 -3.53107e-06 0.000114718 0.0576718 -2.45979 -2.24777 0.959339 0.63561 0.594711 0.241635 1.36465e-07 1.41729e-07 3.07841e-07 0.00122637 0.0051232 0.00120892 0.00500099 0.0011338 0.00650225 0.00414704 0.0177689 0.00459756 0.0211331 0.00473723 0.0250659 5260 -4.75225e-06 -8.1069e-07 -1.12698e-05 -1.1743e-05 0.0928779 0.0574162 0 0 0 0.00211503 46 5.64239e-09
1.56643 1.93465e-05 4.31753e-06 1.76238e-05 -3.98741e-06 0.000124178 0.0578067 -2.56259 -2.35167 0.963064 0.647964 0.605895 0.236823 1.36464e-07 1.41773e-07 3.09445e-07 0.00123678 0.00525046 0.001219 0.00514131 0.00112405 0.00658958 0.00418177 0.0182092 0.00464363 0.02164 0.00469523 0.0253485 5260 -4.73506e-06 4.66695e-07 -1.17196e-05 -1.22089e-05 0.0949978 0.057549 0 0 0 0.00211991 47 5.76547e-09
1.57255 1.94704e-05 4.88451e-06 1.79287e-05 -3.52868e-06 0.000132907 0.0579196 -2.66358 -2.45317 1.00353 0.6604 0.617661 0.235078 1.36494e-07 1.41738e-07 3.06736e-07 0.0012475 0.00537446 0.00122942 0.005273 0.00111389 0.00671296 0.0042175 0.0186461 0.00469058 0.0220189 0.00465078 0.026015 5260 -4.679e-06 1.52188e-06 -1.21544e-05 -1.1805e-05 0.0971226 0.0576818 0 0 0 0.00212478 48 5.88855e-09
1.5768 1.95923e-05 5.50105e-06 1.82303e-05 -2.87071e-06 0.000141284 0.0579977 -2.75206 -2.53983 1.04213 0.673098 0.629562 0.231987 1.36472e-07 1.41679e-07 3.0535e-07 0.00125849 0.0054747 0.00124011 0.00537678 0.00110329 0.00686892 0.00425416 0.0191033 0.00473829 0.0223504 0.0046047 0.0265104 5260 -4.59825e-06 2.19207e-06 -1.25617e-05 -1.10581e-05 0.0992506 0.0577695 0 0 0 0.002128 49 6.01162e-09
1.57952 1.96981e-05 5.61868e-06 1.85264e-05 -2.61831e-06 0.000149328 0.0580478 -2.82917 -2.61596 1.06371 0.685734 0.641167 0.228576 1.36469e-07 1.41697e-07 3.04089e-07 0.00126969 0.00555602 0.00125103 0.00546442 0.00109241 0.00697745 0.00429148 0.019453 0.00478676 0.0226857 0.00455647 0.027038 5260 -4.49704e-06 2.7475e-06 -1.29542e-05 -1.06544e-05 0.101381 0.0578287 0 0 0 0.00213018 50 6.1347e-09
1.58094 1.97905e-05 5.69549e-06 1.88145e-05 -2.62445e-06 0.000157304 0.0580738 -2.89942 -2.68657 1.08218 0.69849 0.652902 0.224683 1.36448e-07 1.41698e-07 3.0321e-07 0.00128106 0.00562503 0.00126215 0.00554161 0.00108126 0.00709091 0.00432938 0.0197201 0.00483574 0.0229151 0.0045066 0.0274466 5260 -4.37957e-06 3.18919e-06 -1.3339e-05 -1.04461e-05 0.103512 0.0578565 0 0 0 0.0021312 51 6.25778e-09
1.58137 1.98782e-05 5.91102e-06 1.9093e-05 -2.58187e-06 0.000165245 0.0580817 -2.96518 -2.7512 1.08587 0.711198 0.664705 0.220091 1.3645e-07 1.417e-07 3.03138e-07 0.00129258 0.00568734 0.00127343 0.00560806 0.00106995 0.00717631 0.00436772 0.0199212 0.00488531 0.023189 0.00445544 0.0278106 5260 -4.24952e-06 3.53034e-06 -1.37125e-05 -1.01394e-05 0.105643 0.0578653 0 0 0 0.00213152 52 6.38085e-09
1.58108 1.99585e-05 5.98914e-06 1.93612e-05 -2.55403e-06 0.000173199 0.0580763 -3.02744 -2.80838 1.08446 0.723867 0.676609 0.215279 1.3648e-07 1.41701e-07 3.03305e-07 0.00130424 0.00574463 0.00128484 0.00566096 0.00105853 0.00725335 0.00440645 0.0201002 0.00493534 0.02341 0.00440341 0.0281177 5260 -4.10915e-06 3.81075e-06 -1.40748e-05 -9.83521e-06 0.107775 0.0578597 0 0 0 0.00213131 53 6.50393e-09
1.58036 2.00283e-05 5.91275e-06 1.96255e-05 -2.53904e-06 0.000181131 0.058063 -3.0826 -2.86207 1.0785 0.736852 0.688574 0.210445 1.36474e-07 1.41717e-07 3.03501e-07 0.00131601 0.00578795 0.00129637 0.00570784 0.00104704 0.00731757 0.0044455 0.0202248 0.00498572 0.0235732 0.00435066 0.0284402 5260 -3.9611e-06 4.01912e-06 -1.44326e-05 -9.71305e-06 0.109906 0.0578469 0 0 0 0.00213085 54 6.62701e-09
1.57944 2.00928e-05 5.89574e-06 1.98842e-05 -2.58173e-06 0.000189105 0.0580461 -3.13276 -2.91123 1.06624 0.74995 0.700727 0.205387 1.36478e-07 1.41727e-07 3.04086e-07 0.00132787 0.00582264 0.001308 0.00574585 0.00103553 0.00737017 0.00448481 0.0203073 0.00503635 0.0236996 0.00429741 0.0287077 5260 -3.80844e-06 4.14436e-06 -1.47863e-05 -9.60329e-06 0.112036 0.0578289 0 0 0 0.00213018 55 6.75009e-09
1.57867 2.01544e-05 5.98855e-06 2.01388e-05 -2.53596e-06 0.000197158 0.0580319 -3.17698 -2.95278 1.04929 0.763223 0.713093 0.200401 1.36489e-07 1.41734e-07 3.04704e-07 0.00133978 0.00584673 0.00131969 0.00576944 0.00102405 0.00740682 0.00452427 0.020371 0.00508715 0.0237851 0.00424383 0.0288644 5260 -3.6494e-06 4.31741e-06 -1.51344e-05 -9.44862e-06 0.114165 0.0578126 0 0 0 0.00212959 56 6.87316e-09
1.57841 2.02158e-05 6.01763e-06 2.0392e-05 -2.51555e-06 0.000205223 0.0580271 -3.21246 -2.9856 1.02812 0.776798 0.725718 0.195862 1.36494e-07 1.4174e-07 3.04846e-07 0.00135173 0.00585467 0.0013314 0.00577646 0.00101266 0.00741539 0.00456378 0.0203916 0.005138 0.0238104 0.00419017 0.028887 5260 -3.48906e-06 4.35287e-06 -1.54802e-05 -9.38718e-06 0.116295 0.0578074 0 0 0 0.00212939 57 6.99624e-09
1.57902 2.02781e-05 5.93295e-06 2.06442e-05 -2.52794e-06 0.000213261 0.0580384 -3.23477 -3.00611 1.00392 0.790733 0.738662 0.191695 1.36491e-07 1.41741e-07 3.04659e-07 0.00136365 0.00583897 0.0013431 0.00576044 0.00100143 0.0074024 0.00460318 0.0203479 0.00518872 0.0237427 0.00413668 0.0288609 5260 -3.33276e-06 4.24309e-06 -1.58254e-05 -9.37289e-06 0.118425 0.0578195 0 0 0 0.00212984 58 7.11932e-09
1.58081 2.03404e-05 5.65852e-06 2.08882e-05 -2.63134e-06 0.000221374 0.0580713 -3.24161 -3.01164 0.971974 0.805038 0.751952 0.187427 1.36481e-07 1.41734e-07 3.04954e-07 0.00137549 0.00579619 0.00135471 0.00571703 0.000990411 0.00736908 0.00464228 0.0202504 0.0052391 0.0235664 0.00408346 0.0286922 5260 -3.18668e-06 3.96582e-06 -1.61663e-05 -9.2548e-06 0.120556 0.0578503 0 0 0 0.00213097 59 7.24239e-09
1.58422 2.04078e-05 5.24199e-06 2.11259e-05 -2.73792e-06 0.000229732 0.0581339 -3.2321 -3.00314 0.934524 0.819784 0.76554 0.183858 1.36465e-07 1.41741e-07 3.04525e-07 0.0013872 0.005725 0.00136619 0.00564875 0.000979716 0.00729331 0.00468094 0.0200239 0.00528894 0.0232874 0.00403096 0.0282167 5260 -3.06088e-06 3.41516e-06 -1.65049e-05 -9.19096e-06 0.122689 0.0579062 0 0 0 0.00213302 60 7.36547e-09
1.58977 2.04835e-05 5.01297e-06 2.13656e-05 -2.79085e-06 0.000238256 0.0582359 -3.20871 -2.98179 0.892085 0.834971 0.779612 0.181459 1.36457e-07 1.41745e-07 3.02657e-07 0.00139873 0.00563015 0.0013775 0.00555694 0.000969458 0.00715946 0.00471903 0.0197318 0.00533798 0.0228768 0.00397964 0.0277124 5260 -2.95196e-06 2.95688e-06 -1.68474e-05 -9.29737e-06 0.124825 0.0580037 0 0 0 0.0021366 61 7.48855e-09
1.59799 2.05482e-05 5.27866e-06 2.15886e-05 -2.67219e-06 0.000246567 0.0583864 -3.17642 -2.9433 0.840375 0.850693 0.794275 0.178356 1.36464e-07 1.41739e-07 3.02539e-07 0.00141005 0.00551976 0.00138857 0.00543443 0.000959697 0.00702855 0.00475797 0.0193141 0.00538613 0.0223913 0.00393031 0.0275476 5260 -2.82211e-06 3.52513e-06 -1.71687e-05 -8.72343e-06 0.126968 0.05816 0 0 0 0.00214234 62 7.61162e-09
1.60853 2.0585e-05 5.78079e-06 2.17821e-05 -2.25245e-06 0.000254951 0.0585788 -3.13376 -2.89112 0.803257 0.86693 0.809388 0.174107 1.36469e-07 1.41728e-07 3.04825e-07 0.00142113 0.00539229 0.00139937 0.00528908 0.000950199 0.00700018 0.00479891 0.0187921 0.00543346 0.0219307 0.0038829 0.0277214 5260 -2.64601e-06 4.78091e-06 -1.74452e-05 -7.50616e-06 0.129117 0.0583504 0 0 0 0.00214933 63 7.7347e-09
1.62128 2.06009e-05 5.95384e-06 2.1949e-05 -2.06943e-06 0.000264952 0.0588108 -3.08236 -2.83247 0.73542 0.88368 0.824765 0.168889 1.36468e-07 1.4174e-07 3.09597e-07 0.00143195 0.00525107 0.00140986 0.00513475 0.000941274 0.0069182 0.00483867 0.0181869 0.00547975 0.0213482 0.00383618 0.0261179 5260 -2.44248e-06 5.52537e-06 -1.76883e-05 -6.60043e-06 0.131273 0.0585384 0 0 0 0.00215623 64 7.85778e-09
1.63779 2.06461e-05 5.80857e-06 2.21327e-05 -2.04773e-06 0.000274756 0.0591098 -3.04021 -2.78011 0.655817 0.900992 0.840675 0.168283 1.36525e-07 1.41799e-07 3.07037e-07 0.00144255 0.00512416 0.00142009 0.00499081 0.000933304 0.00663234 0.00487732 0.0175942 0.00552512 0.0208099 0.00379221 0.0250185 5260 -2.2737e-06 4.5822e-06 -1.79474e-05 -7.03372e-06 0.133441 0.0588427 0 0 0 0.0021674 65 7.98085e-09
1.65804 2.07651e-05 5.09472e-06 2.23573e-05 -2.47035e-06 0.000283372 0.0594744 -3.01131 -2.74176 0.617398 0.919761 0.85754 0.166378 1.36516e-07 1.41848e-07 3.07429e-07 0.00145298 0.00501252 0.00143011 0.00486704 0.000925729 0.00653902 0.00491511 0.0171094 0.00556962 0.020291 0.00375345 0.0251846 5260 -2.20505e-06 1.86389e-06 -1.82629e-05 -8.56747e-06 0.135623 0.0592396 0 0 0 0.00218197 66 8.10393e-09
1.67925 2.09645e-05 4.23414e-06 2.26469e-05 -3.13534e-06 0.000295468 0.0598541 -2.99239 -2.70812 0.615032 0.938533 0.874616 0.163835 1.36553e-07 1.41898e-07 3.09037e-07 0.00146327 0.00491905 0.00143994 0.00475282 0.000918079 0.0065787 0.00495215 0.0167034 0.00561345 0.019844 0.00371653 0.0251296 5260 -2.24847e-06 -1.17875e-06 -1.8668e-05 -1.09981e-05 0.137815 0.0595245 0 0 0 0.00219243 67 8.22701e-09
1.70139 2.12165e-05 3.85536e-06 2.29663e-05 -3.42654e-06 0.0003098 0.0602477 -2.98927 -2.68334 0.562988 0.957511 0.891924 0.161775 1.36614e-07 1.41948e-07 3.10193e-07 0.00147348 0.00485067 0.00144962 0.00465417 0.000910984 0.00646225 0.00498876 0.0164532 0.00565668 0.0194464 0.00367815 0.0240445 5260 -2.35842e-06 -2.98541e-06 -1.91136e-05 -1.20977e-05 0.14002 0.0598571 0 0 0 0.00220463 68 8.35009e-09
1.72516 2.14498e-05 3.89328e-06 2.32616e-05 -3.40985e-06 0.000321303 0.0606675 -3.00656 -2.67835 0.560579 0.976946 0.909843 0.159238 1.36704e-07 1.41985e-07 3.12375e-07 0.00148369 0.00481202 0.00145922 0.00458523 0.000903816 0.00650689 0.00502508 0.0163061 0.00569948 0.0191014 0.00364268 0.0238895 5260 -2.44828e-06 -2.43964e-06 -1.95344e-05 -1.14261e-05 0.142242 0.060354 0 0 0 0.00222287 69 8.47316e-09
1.74714 2.16603e-05 4.00385e-06 2.35313e-05 -3.28503e-06 0.00033535 0.0610529 -3.04182 -2.68813 0.542766 0.996321 0.927526 0.154334 1.3677e-07 1.42008e-07 3.19246e-07 0.00149395 0.00480127 0.0014688 0.00454183 0.00089666 0.00661048 0.00506132 0.0162238 0.00574211 0.0188867 0.00360489 0.0242473 5260 -2.51125e-06 -1.70979e-06 -1.99251e-05 -1.06073e-05 0.144477 0.0606701 0 0 0 0.00223447 70 8.59624e-09
1.76947 2.18522e-05 4.05153e-06 2.37878e-05 -3.23607e-06 0.000350712 0.0614423 -3.09129 -2.70809 0.496844 1.01634 0.945499 0.152488 1.3681e-07 1.42033e-07 3.20392e-07 0.00150432 0.00480896 0.00147838 0.00451383 0.000890026 0.00651739 0.00509773 0.0162085 0.00578479 0.0187839 0.00356533 0.0236663 5260 -2.55394e-06 -1.15914e-06 -2.03007e-05 -1.01984e-05 0.146724 0.0610236 0 0 0 0.00224744 71 8.71932e-09
1.79302 2.20302e-05 4.12476e-06 2.40386e-05 -3.34888e-06 0.000365089 0.0618502 -3.15661 -2.74153 0.467849 1.03697 0.96385 0.153437 1.36871e-07 1.4209e-07 3.16085e-07 0.00151483 0.00483711 0.00148803 0.00450526 0.000883817 0.00635938 0.00513446 0.0162803 0.00582786 0.0188113 0.00352882 0.0228663 5260 -2.58002e-06 -7.08216e-07 -2.06748e-05 -1.01591e-05 0.148988 0.0614583 0 0 0 0.00226339 72 8.84239e-09
1.81505 2.22125e-05 4.41444e-06 2.43022e-05 -3.39221e-06 0.000377658 0.0622295 -3.24102 -2.79618 0.499702 1.05723 0.981753 0.153476 1.3699e-07 1.42206e-07 3.13215e-07 0.00152555 0.00489423 0.00149781 0.0045306 0.000877202 0.00638944 0.00517162 0.0164394 0.00587157 0.0189903 0.00349303 0.0232098 5260 -2.59976e-06 -5.36077e-07 -2.10634e-05 -1.05505e-05 0.151267 0.0618868 0 0 0 0.00227911 73 8.96547e-09
1.83451 2.23985e-05 4.27193e-06 2.45822e-05 -3.3816e-06 0.000387835 0.0625625 -3.33681 -2.86935 0.507869 1.07798 0.999788 0.154424 1.3702e-07 1.42264e-07 3.08234e-07 0.00153652 0.00496515 0.00150779 0.00458255 0.000870538 0.00632269 0.0052094 0.01675 0.00591612 0.0192444 0.00345657 0.0232137 5260 -2.62842e-06 -7.78074e-07 -2.14678e-05 -1.09832e-05 0.153561 0.062285 0 0 0 0.00229372 74 9.08855e-09
1.85111 2.25904e-05 4.13768e-06 2.4884e-05 -3.20503e-06 0.000399249 0.0628451 -3.44012 -2.95205 0.519128 1.09776 1.01748 0.151445 1.37143e-07 1.42328e-07 3.10728e-07 0.00154775 0.00505105 0.00151798 0.00465002 0.000863618 0.00642513 0.00524798 0.017004 0.00596137 0.0194652 0.00341908 0.0240695 5260 -2.66782e-06 -1.06994e-06 -2.18877e-05 -1.14e-05 0.155863 0.0625339 0 0 0 0.00230285 75 9.21162e-09
1.86399 2.27784e-05 4.01818e-06 2.5191e-05 -3.13556e-06 0.000411415 0.0630637 -3.54987 -3.03836 0.508321 1.11744 1.03462 0.147929 1.37215e-07 1.42392e-07 3.14141e-07 0.00155926 0.00514625 0.00152841 0.00472531 0.000856707 0.00649663 0.0052874 0.0173201 0.00600763 0.0198168 0.00337931 0.0241581 5260 -2.70786e-06 -1.08738e-06 -2.23101e-05 -1.14703e-05 0.158174 0.062732 0 0 0 0.00231011 76 9.3347e-09
1.87516 2.29654e-05 3.84976e-06 2.55021e-05 -3.29928e-06 0.000422752 0.0632524 -3.65875 -3.13049 0.483063 1.13697 1.05178 0.146807 1.37315e-07 1.42458e-07 3.12628e-07 0.00157105 0.00524104 0.00153909 0.00480894 0.000850113 0.00643094 0.00532767 0.0175693 0.00605488 0.0201794 0.00333953 0.0237813 5260 -2.75304e-06 -1.22702e-06 -2.27426e-05 -1.17471e-05 0.160491 0.0629433 0 0 0 0.00231787 77 9.45778e-09
1.88429 2.31745e-05 3.71675e-06 2.58361e-05 -3.54312e-06 0.000432857 0.0634065 -3.76655 -3.22011 0.495265 1.15696 1.06901 0.146291 1.37352e-07 1.42502e-07 3.09531e-07 0.00158309 0.00533239 0.00155 0.00488889 0.00084337 0.00643332 0.00536872 0.0178382 0.00610298 0.0205014 0.00330012 0.0239829 5260 -2.82531e-06 -1.96248e-06 -2.32071e-05 -1.26136e-05 0.162816 0.063131 0 0 0 0.00232475 78 9.58085e-09
1.88986 2.34051e-05 3.71177e-06 2.61884e-05 -3.80376e-06 0.000442647 0.0635002 -3.85694 -3.30166 0.505064 1.17647 1.08558 0.144307 1.37374e-07 1.42555e-07 3.09116e-07 0.00159533 0.00540308 0.0015611 0.00496088 0.000836446 0.00649364 0.00541048 0.0180838 0.00615178 0.0207701 0.00325863 0.0241116 5260 -2.91918e-06 -2.54906e-06 -2.36994e-05 -1.33694e-05 0.165145 0.0632332 0 0 0 0.0023285 79 9.70393e-09
1.89351 2.36331e-05 3.67326e-06 2.65472e-05 -3.73367e-06 0.00045213 0.0635615 -3.92928 -3.36715 0.483525 1.1958 1.10248 0.142184 1.3739e-07 1.42538e-07 3.09034e-07 0.0016077 0.00545115 0.00157235 0.0050095 0.000829759 0.0064822 0.0054527 0.0182305 0.00620116 0.0209947 0.00321665 0.0240532 5260 -3.01183e-06 -2.51601e-06 -2.41957e-05 -1.34765e-05 0.167476 0.0633029 0 0 0 0.00233106 80 9.82701e-09
1.89543 2.38582e-05 3.71842e-06 2.69119e-05 -3.61366e-06 0.000461324 0.0635937 -3.98404 -3.41429 0.471057 1.21501 1.11895 0.140373 1.3739e-07 1.42542e-07 3.08254e-07 0.00162015 0.00547732 0.00158367 0.00503532 0.000823205 0.00648249 0.00549519 0.0183171 0.00625084 0.0211106 0.00317466 0.0240278 5260 -3.10003e-06 -2.39533e-06 -2.46934e-05 -1.35164e-05 0.169808 0.063343 0 0 0 0.00233253 81 9.95009e-09
1.89583 2.40847e-05 3.75246e-06 2.72776e-05 -3.62988e-06 0.000470474 0.0636004 -4.02215 -3.44658 0.452972 1.23387 1.13515 0.138281 1.37396e-07 1.42543e-07 3.08137e-07 0.00163262 0.00548404 0.00159502 0.00504256 0.000816851 0.00648494 0.00553774 0.0183409 0.0063006 0.0211408 0.0031326 0.0240341 5260 -3.18831e-06 -2.39724e-06 -2.51928e-05 -1.35605e-05 0.172141 0.0633509 0 0 0 0.00233282 82 1.00732e-08
1.89526 2.43095e-05 3.73996e-06 2.76401e-05 -3.57891e-06 0.000479617 0.063591 -4.04492 -3.4652 0.430113 1.25247 1.15112 0.136192 1.37407e-07 1.42548e-07 3.08172e-07 0.00164507 0.0054728 0.00160634 0.00503289 0.000810763 0.00648038 0.00558018 0.0182913 0.00635024 0.021096 0.00309071 0.0240082 5260 -3.2753e-06 -2.36253e-06 -2.5687e-05 -1.34213e-05 0.174474 0.0633416 0 0 0 0.00233248 83 1.01962e-08
1.89411 2.45313e-05 3.73784e-06 2.79969e-05 -3.53928e-06 0.000488689 0.0635717 -4.05763 -3.47417 0.407289 1.27081 1.16692 0.134271 1.37431e-07 1.42556e-07 3.08022e-07 0.00165747 0.00545057 0.00161762 0.00501153 0.000804952 0.00647314 0.00562239 0.0182142 0.00639969 0.0210181 0.00304908 0.0240093 5260 -3.35949e-06 -2.2862e-06 -2.61741e-05 -1.32271e-05 0.176805 0.0633243 0 0 0 0.00233184 84 1.03193e-08
1.89256 2.475e-05 3.77245e-06 2.83477e-05 -3.44176e-06 0.000497737 0.0635456 -4.06504 -3.47905 0.382978 1.2891 1.18257 0.132389 1.37447e-07 1.42569e-07 3.08011e-07 0.0016698 0.00542251 0.00162884 0.00498597 0.000799442 0.00646628 0.00566424 0.0180948 0.00644887 0.0209139 0.00300749 0.0239718 5260 -3.43926e-06 -2.16613e-06 -2.66516e-05 -1.2969e-05 0.179136 0.0632988 0 0 0 0.00233091 85 1.04424e-08
1.89092 2.49599e-05 3.79142e-06 2.86843e-05 -3.41062e-06 0.000507059 0.0635181 -4.06741 -3.48006 0.353367 1.30731 1.19828 0.130482 1.37469e-07 1.4257e-07 3.08375e-07 0.00168205 0.00538918 0.00163999 0.00495561 0.000794307 0.00645635 0.00570583 0.017966 0.00649774 0.020786 0.00296619 0.0239144 5260 -3.50946e-06 -1.90637e-06 -2.71138e-05 -1.25513e-05 0.181466 0.0632639 0 0 0 0.00232962 86 1.05655e-08
1.88955 2.51534e-05 3.79614e-06 2.90024e-05 -3.3188e-06 0.000516452 0.0634949 -4.0692 -3.48022 0.325703 1.32537 1.21393 0.128891 1.37516e-07 1.42587e-07 3.08329e-07 0.00169422 0.00535645 0.00165106 0.00492495 0.000789535 0.00644231 0.00574702 0.0178235 0.00654636 0.0206866 0.00292561 0.0238269 5260 -3.56319e-06 -1.45915e-06 -2.7554e-05 -1.19545e-05 0.183795 0.0632388 0 0 0 0.0023287 87 1.06885e-08
1.8883 2.53265e-05 3.84904e-06 2.93035e-05 -3.19551e-06 0.000525814 0.0634739 -4.07612 -3.48424 0.302126 1.34356 1.22959 0.127374 1.37554e-07 1.42609e-07 3.08382e-07 0.00170633 0.00533021 0.00166208 0.0048999 0.000785072 0.00643868 0.00578786 0.0177117 0.00659472 0.0205802 0.00288539 0.0238384 5260 -3.5945e-06 -8.50295e-07 -2.79727e-05 -1.13706e-05 0.186123 0.0632187 0 0 0 0.00232797 88 1.08116e-08
1.88713 2.54867e-05 3.98586e-06 2.95834e-05 -3.0314e-06 0.000535405 0.0634543 -4.08493 -3.49114 0.27656 1.36204 1.2455 0.12585 1.37569e-07 1.42607e-07 3.08749e-07 0.00171838 0.00530583 0.00167304 0.00487813 0.000780947 0.00643832 0.00582845 0.017643 0.00664285 0.0204852 0.00284547 0.0238219 5260 -3.6079e-06 -3.63996e-07 -2.83643e-05 -1.06333e-05 0.18845 0.0631928 0 0 0 0.00232702 89 1.09347e-08
1.88618 2.56392e-05 4.07649e-06 2.98486e-05 -2.8997e-06 0.000545115 0.0634382 -4.09491 -3.49911 0.251426 1.38064 1.2615 0.124511 1.37583e-07 1.42606e-07 3.08973e-07 0.00173038 0.00528306 0.00168396 0.00485793 0.000777163 0.00643597 0.00586881 0.0175648 0.00669076 0.0203987 0.00282448 0.023779 5260 -3.61029e-06 -6.47891e-08 -2.87362e-05 -1.01004e-05 0.190776 0.0631735 0 0 0 0.00232631 90 1.10578e-08
1.8854 2.57859e-05 4.2091e-06 3.00992e-05 -2.85435e-06 0.000554874 0.0634252 -4.10805 -3.50894 0.228189 1.39918 1.27746 0.123296 1.37614e-07 1.42619e-07 3.09178e-07 0.00174234 0.00526497 0.00169484 0.00484074 0.000773698 0.00643644 0.00590903 0.0174983 0.0067385 0.0203291 0.00281428 0.0237808 5260 -3.6019e-06 2.2771e-07 -2.90919e-05 -9.65961e-06 0.193102 0.0631591 0 0 0 0.00232578 91 1.11809e-08
1.88478 2.5928e-05 4.26476e-06 3.03418e-05 -2.78492e-06 0.000564654 0.0634146 -4.12584 -3.52276 0.20521 1.41793 1.29354 0.122248 1.37638e-07 1.42633e-07 3.09246e-07 0.00175427 0.00525231 0.00170569 0.00482872 0.000770553 0.00643454 0.00594908 0.0174524 0.0067861 0.020273 0.00280429 0.0237735 5260 -3.58696e-06 4.05838e-07 -2.94371e-05 -9.37187e-06 0.195427 0.063148 0 0 0 0.00232537 92 1.13039e-08
1.8843 2.60699e-05 4.239e-06 3.05833e-05 -2.76351e-06 0.000574418 0.0634067 -4.14583 -3.53804 0.183706 1.43694 1.3098 0.121327 1.37649e-07 1.42639e-07 3.09261e-07 0.00176618 0.00524188 0.00171652 0.00481833 0.000767712 0.00643352 0.00598901 0.0174189 0.00683359 0.0202274 0.00279444 0.0237597 5260 -3.57267e-06 3.88148e-07 -2.97803e-05 -9.31977e-06 0.197752 0.0631404 0 0 0 0.0023251 93 1.1427e-08
1.8839 2.6213e-05 4.16691e-06 3.08257e-05 -2.79894e-06 0.000584248 0.0633998 -4.16714 -3.55506 0.162172 1.45611 1.32617 0.120466 1.37658e-07 1.42645e-07 3.09385e-07 0.00177807 0.00523302 0.00172734 0.0048102 0.000765177 0.0064348 0.00602885 0.0173931 0.006881 0.0201966 0.00278465 0.023764 5260 -3.56235e-06 2.80216e-07 -3.01257e-05 -9.38174e-06 0.200077 0.0631318 0 0 0 0.00232478 94 1.15501e-08
1.88359 2.63574e-05 4.11089e-06 3.10675e-05 -2.86358e-06 0.00059411 0.0633946 -4.19039 -3.57364 0.141099 1.47536 1.34261 0.119742 1.37672e-07 1.42654e-07 3.09416e-07 0.00178995 0.00522667 0.00173815 0.00480416 0.000762946 0.00643469 0.00606863 0.0173675 0.00692836 0.0201747 0.00277492 0.0237574 5260 -3.55532e-06 1.90907e-07 -3.04729e-05 -9.42832e-06 0.202401 0.0631257 0 0 0 0.00232456 95 1.16732e-08
1.88333 2.6502e-05 4.09915e-06 3.13098e-05 -2.87238e-06 0.000604008 0.0633904 -4.21617 -3.59458 0.120762 1.49476 1.35919 0.119124 1.37684e-07 1.42661e-07 3.09426e-07 0.00180182 0.00522326 0.00174895 0.004801 0.00076101 0.00643482 0.00610837 0.0173524 0.00697568 0.0201609 0.00276524 0.023763 5260 -3.54893e-06 1.73396e-07 -3.0821e-05 -9.45142e-06 0.204726 0.0631205 0 0 0 0.00232436 96 1.17962e-08
1.88312 2.66477e-05 4.09009e-06 3.15538e-05 -2.8726e-06 0.000613925 0.0633868 -4.24332 -3.61675 0.100365 1.51437 1.37592 0.118589 1.37691e-07 1.42666e-07 3.09468e-07 0.00181369 0.00522125 0.00175975 0.00479927 0.000759373 0.00643558 0.00614808 0.0173437 0.00702299 0.0201532 0.0027556 0.0237652 5260 -3.54401e-06 1.33631e-07 -3.11707e-05 -9.4974e-06 0.20705 0.0631164 0 0 0 0.00232421 97 1.19193e-08
1.88295 2.67939e-05 4.08716e-06 3.17986e-05 -2.87452e-06 0.000623857 0.0633838 -4.27146 -3.63973 0.0800134 1.53409 1.39274 0.118146 1.377e-07 1.42672e-07 3.09519e-07 0.00182557 0.00522048 0.00177056 0.00479856 0.000758035 0.00643659 0.00618779 0.0173401 0.00707029 0.0201511 0.00274596 0.0237728 5260 -3.53962e-06 1.19201e-07 -3.15213e-05 -9.52215e-06 0.209374 0.063113 0 0 0 0.00232409 98 1.20424e-08
1.88287 2.69388e-05 4.09622e-06 3.20419e-05 -2.86328e-06 0.000633835 0.0633826 -4.30081 -3.66372 0.0576001 1.55404 1.40975 0.117833 1.37705e-07 1.42675e-07 3.09512e-07 0.00183745 0.00522081 0.00178137 0.00479887 0.00075703 0.00643523 0.00622749 0.01734 0.00711758 0.0201511 0.00273638 0.023752 5260 -3.53372e-06 1.60224e-07 -3.187e-05 -9.46849e-06 0.211698 0.0631105 0 0 0 0.002324 99 1.21655e-08
