-180.0000000000 77.3695475935 1.5270289036 1.6331096091
-162.0000000000 -83.2496942007 1.5270289036 1.4730432169
-144.0000000000 -63.0393111533 1.5270289036 1.3352499956
-126.0000000000 -42.2487049267 1.5270289036 1.2455327578
-108.0000000000 -21.0581150067 1.5270289036 1.2133049968
-90.0000000000 0.5209043558 1.5270289036 1.2301114955
-72.0000000000 22.5197767458 1.5270289036 1.2792585541
-54.0000000000 44.6497768578 1.5270289036 1.3463672934
-36.0000000000 66.0871501249 1.5270289036 1.4234418902
-18.0000000000 85.8888789375 1.5270289036 1.5075144344
0.0000000000 -76.3705742086 1.5270289036 1.5974455512
18.0000000000 -60.4783934475 1.5270289036 1.6913163623
36.0000000000 -45.8809991606 1.5270289036 1.7851573471
54.0000000000 -31.9782077398 1.5270289036 1.8726567679
72.0000000000 -18.2507848261 1.5270289036 1.9454986662
90.0000000000 -4.2917082632 1.5270289036 1.9940366082
108.0000000000 10.2118932817 1.5270289036 2.0084171156
126.0000000000 25.4937753336 1.5270289036 1.9802187258
144.0000000000 41.7215814311 1.5270289036 1.9049124113
162.0000000000 59.0032677907 1.5270289036 1.7849922059
180.0000000000 77.3691015908 1.5270289036 1.6331096091
52.6770814489 -32.9880110144 1.5270289036 1.8666133019
52.6615736948 -32.9998848073 1.5270289036 1.8665421471
52.6614246944 -32.9999995260 1.5270289036 1.8665414631
52.6614240812 -33.0000000015 1.5270289036 1.8665414603
52.6614240832 -33.0000000000 1.5270289036 1.8665414603
52.6614240833 -33.0000000000 1.5270289036 1.8665414603
3333 3333 3333 3333
