2026/09/16 15:16:39  -0.004532059974  1.526986499808  0.000000000000  0.000000000000  0.000000000000  0.000000000000  0.057074855916  0  0.000000000000 0.000000000000  0.000000000000  0.000000000000  0.000000000000  0.000000000000  0.000000000000  0
2026/09/16 15:16:39  -0.002429560281  1.526986499808  0.000000000000  0.000000000000  0.000000000000  0.000000000000  0.057074855916  0  0.000000000000 0.000000000000  0.000000000000  0.000000000000  0.000000000000  0.000000000000  0.000000000000  0
2026/09/16 15:16:39  -0.000327060588  1.526986499808  0.000000000000  0.000000000000  0.000000000000  0.000000000000  0.057074855916  0  0.000000000000 0.000000000000  0.000000000000  0.000000000000  0.000000000000  0.000000000000  0.000000000000  0
2026/09/16 15:16:39  0.001775439105  1.526986499808  0.000000000000  0.000000000000  0.000000000000  0.000000000000  0.057074855916  0  0.000000000000 216.631404527300  170.877970972908  43873.635679389408  0.000000094189  0.000000029778  -0.000000067144  0
2026/09/16 15:16:39  0.003878002149  1.527078745488  0.000000000313  0.000000000250  0.000000008499  0.000000006783  0.057076581245  0  0.000000000000 -462.007937585455  -568.879854523178  41936.424206640644  0.000000111767  -0.000000021807  -0.000000062850  0
2026/09/16 15:16:39  0.005980625746  1.527166920719  -0.000000000043  -0.000000000322  -0.000000009655  -0.000000015513  0.057078230394  0  0.000000000000 -378.432192200934  -391.935670693352  35062.273933152981  0.000000117139  0.000000025527  -0.000000155304  0
2026/09/16 15:16:39  0.008083299971  1.527240644359  -0.000000000947  -0.000000001458  -0.000000024554  -0.000000030847  0.057079609217  0  0.000000000000 -67.589896239133  -103.041879120237  19813.879408360754  -0.000000007825  0.000000091617  -0.000000251945  0
2026/09/16 15:16:39  0.010186002805  1.527282306769  -0.000000001952  -0.000000002744  -0.000000027273  -0.000000034905  0.057080388398  0  0.000000000000 -87.851345899774  -77.321242840883  6797.893177587061  0.000000142502  0.000000036972  -0.000000221815  0
2026/09/16 15:16:39  0.012288715455  1.527296600749  -0.000000003085  -0.000000004138  -0.000000030753  -0.000000037850  0.057080655725  0  0.000000000000 162.025165390062  109.069420489532  -14488.608264152881  0.000000309480  0.000000011741  -0.000000561843  0
2026/09/16 15:16:39  0.014391407185  1.527266135526  -0.000000003983  -0.000000005367  -0.000000024389  -0.000000033352  0.057080085960  0  0.000000000000 135.643006279615  -152.249372632781  -42794.465444983151  0.000000067948  0.000000116292  -0.000000760737  0
2026/09/16 15:16:39  0.016494037122  1.527176153294  -0.000000004688  -0.000000006814  -0.000000019133  -0.000000039294  0.057078403069  0  0.000000000000 -1555.802688116671  -1848.686577704098  -86299.184153279028  -0.000000253034  0.000000304569  -0.000000860046  0
2026/09/16 15:16:39  0.018596542449  1.526994703453  -0.000000007654  -0.000000010946  -0.000000080520  -0.000000112164  0.057075009356  0  0.000000000000 -3840.975270744833  -4873.604259587023  -176447.974314266088  -0.000000261744  0.000000481105  -0.000001104812  0
2026/09/16 15:16:39  0.020698792997  1.526623743185  -0.000000016196  -0.000000022144  -0.000000231889  -0.000000303994  0.057068070543  0  0.000000000000 -6750.462021206155  -7643.663971275543  -353773.406469325360  0.000000074750  0.000000586577  -0.000001606714  0
2026/09/16 15:16:40  0.022800532719  1.525880113328  -0.000000034532  -0.000000044414  -0.000000497745  -0.000000604530  0.057054158413  0  0.000000000000 -10344.077668458654  -13195.982582609986  -460557.217578168551  -0.000000247646  0.000000541997  -0.000002318486  0
2026/09/16 15:16:40  0.024901607423  1.524912295228  -0.000000067866  -0.000000085806  -0.000000904889  -0.000001123628  0.057036047011  0  0.000000000000 -12115.734817114484  -13448.930743171262  -548127.197360052844  -0.000000950673  0.000000586081  -0.000002659491  0
2026/09/16 15:16:40  0.027001890661  1.523760856139  -0.000000118766  -0.000000146704  -0.000001381734  -0.000001653145  0.057014491922  0  0.000000000000 -15151.549869545031  -15675.882972367655  -927417.463597074151  -0.000000707277  0.000000606232  -0.000002502361  0
2026/09/16 15:16:40  0.029100834752  1.521813638077  -0.000000191630  -0.000000230328  -0.000001977975  -0.000002270074  0.056978021253  0  0.000000000000 -16538.510193119084  -20209.784528043689  -1363045.284074322553  0.000000049402  0.000000648487  -0.000003229660  0
2026/09/16 15:16:40  0.031197810655  1.518954024064  -0.000000288469  -0.000000343229  -0.000002628786  -0.000003064790  0.056924419530  0  0.000000000000 -12133.816254128524  -21089.844417192089  -1676154.202105729841  0.000000105739  0.000000464254  -0.000003029614  0
2026/09/16 15:16:40  0.033292366228  1.515441198088  -0.000000402897  -0.000000486679  -0.000003106258  -0.000003894077  0.056858504807  0  0.000000000000 -8780.651586038784  -14740.283471040322  -2344486.073253965937  -0.000000199213  0.000000243428  -0.000001867501  0
2026/09/16 15:16:40  0.035383536368  1.510534511064  -0.000000530053  -0.000000651488  -0.000003451720  -0.000004473871  0.056766307948  0  0.000000000000 -7086.241654878152  -18031.300121318887  -3157847.051578140818  -0.000000178302  0.000000143688  -0.000000858962  0
2026/09/16 15:16:40  0.037470146499  1.503938116566  -0.000000667478  -0.000000842425  -0.000003730482  -0.000005183071  0.056642125689  0  0.000000000000 -8503.815225551001  -27104.748883848089  -3758367.246570706833  -0.000000000642  -0.000000035144  0.000000212501  0
2026/09/16 15:16:40  0.039551329332  1.496106069528  -0.000000817223  -0.000001072629  -0.000004064871  -0.000006248965  0.056494327988  0  0.000000000000 -2810.847947443010  -29210.607319061437  -3054309.127658447251  -0.000000286337  -0.000000314369  0.000001916670  0
2026/09/16 15:16:40  0.041628101466  1.489756230644  -0.000000971033  -0.000001345159  -0.000004175199  -0.000007397861  0.056374217355  0  0.000000000000 9764.201186408729  -10840.015805936493  -4805998.393102033995  -0.000001138088  -0.000000432334  0.000004286165  0
2026/09/16 15:16:40  0.043697933123  1.479791946610  -0.000001110689  -0.000001633424  -0.000003790936  -0.000007824899  0.056185221584  0  0.000000000000 24673.213409253953  9713.246128188488  -4492638.609786591493  -0.000001785629  -0.000000273361  0.000003981077  0
2026/09/16 15:16:40  0.045761276636  1.470507516879  -0.000001214595  -0.000001907663  -0.000002820482  -0.000007444104  0.056008548679  0  0.000000000000 -16092.390327803321  -26874.773391133152  -5741954.035192044452  -0.000000631176  0.000000192617  0.000005167480  0
2026/09/16 15:16:40  0.047816327499  1.458683703067  -0.000001341821  -0.000002220856  -0.000003453442  -0.000008501369  0.055782746475  0  0.000000000000 -25644.884542052747  -39139.399980628019  -6065981.283497937955  0.000000896644  0.000000449804  0.000006329609  0
2026/09/16 15:16:40  0.049862617404  1.446244376770  -0.000001506213  -0.000002590735  -0.000004462222  -0.000010039937  0.055544201908  0  0.000000000000 -22967.051603781540  -36756.778434901091  -4266412.861827796325  0.000001886447  0.000000398968  0.000011074485  0
2026/09/16 15:16:40  0.051902745220  1.437527205590  -0.000001703889  -0.000003013824  -0.000005365663  -0.000011484165  0.055376425325  0  0.000000000000 -2444.160221663152  -3929.518571493074  -5277253.343288250268  0.000001914791  -0.000000348931  0.000013669912  0
2026/09/16 15:16:40  0.053935250726  1.426781048346  -0.000001905101  -0.000003442565  -0.000005461554  -0.000011637446  0.055168897465  0  0.000000000000 105.898423541393  127.020193753111  -5324882.805046670139  0.000001769174  0.000000085155  0.000010675896  0
2026/09/16 15:16:40  0.055960064864  1.415978674211  -0.000002106164  -0.000003871085  -0.000005457446  -0.000011631304  0.054959496577  0  0.000000000000 -2420.470180101113  -2596.255359857963  -2734389.603172378615  0.000002161867  0.000000501218  0.000010796934  0
2026/09/16 15:16:40  0.057980929292  1.410447444414  -0.000002310747  -0.000004303317  -0.000005552957  -0.000011732003  0.054851966772  0  0.000000000000 -2419.973000370200  -4424.120957697071  -3491277.015462737530  0.000003699018  0.000001028099  0.000008452710  0
2026/09/16 15:16:40  0.059996750615  1.403400851472  -0.000002518862  -0.000004741874  -0.000005648786  -0.000011903596  0.054714672388  0  0.000000000000 -328.689947293585  -3275.162428327171  -1479479.448826384498  0.000004089762  0.000000176482  0.000014093311  0
2026/09/16 15:16:40  0.062010434815  1.400420066682  -0.000002727458  -0.000005185081  -0.000005661828  -0.000012029758  0.054656491895  0  0.000000000000 276.502901557057  -246.623009443135  -464666.539242084371  0.000004062903  -0.000000488678  0.000010550753  0
2026/09/16 15:16:40  0.064023447796  1.399484531145  -0.000002935642  -0.000005628550  -0.000005650641  -0.000012036842  0.054638218896  0  0.000000000000 -1195.501959273036  -471.808302087769  1067086.899115703302  0.000003411360  -0.000000270450  0.000004816640  0
2026/09/16 15:16:40  0.066038002201  1.401633413015  -0.000003145552  -0.000006072619  -0.000005697481  -0.000012053200  0.054680182063  0  0.000000000000 -3242.993085585044  -2303.814180579921  2277937.509199732915  0.000001946068  -0.000000147647  0.000001110365  0
2026/09/16 15:16:40  0.068055847089  1.406226189085  -0.000003360155  -0.000006519979  -0.000005824917  -0.000012142544  0.054769761900  0  0.000000000000 -6787.605803672139  -5572.345525158978  4159266.104521738365  0.000000636930  -0.000000218046  -0.000001483626  0
2026/09/16 15:16:40  0.070079699914  1.414631435918  -0.000003584586  -0.000006975393  -0.000006091698  -0.000012361265  0.054933324940  0  0.000000000000 -7006.264511174281  -3653.287566244708  4028036.046671430115  -0.000000750381  -0.000000194906  -0.000002021592  0
2026/09/16 15:16:40  0.072109370966  1.422795304771  -0.000003819160  -0.000007436113  -0.000006367093  -0.000012505417  0.055091727360  0  0.000000000000 26784.454193846876  20941.174682330853  4733674.817567222752  0.000001600964  -0.000000634803  -0.000000400537  0
2026/09/16 15:16:40  0.074145879298  1.432419288764  -0.000004014912  -0.000007866451  -0.000005313382  -0.000011680866  0.055277879008  0  0.000000000000 49991.430718479292  25699.262499584096  8185727.868904210627  0.000003603286  -0.000000513864  -0.000001407156  0
2026/09/16 15:16:41  0.076194210529  1.449137979000  -0.000004138222  -0.000008259463  -0.000003347135  -0.000010667891  0.055599782560  0  0.000000000000 45996.383992638330  37241.403207040166  4938423.168405100703  0.000007189954  -0.000000389696  -0.000004669067  0
2026/09/16 15:16:41  0.078249674172  1.459271115315  -0.000004194885  -0.000008598344  -0.000001538072  -0.000009198660  0.055793985933  0  0.000000000000 39288.271085192522  22086.948525832981  6107786.804223817773  0.000006478592  0.000000091699  -0.000011131445  0
2026/09/16 15:16:41  0.080313958781  1.471852385465  -0.000004194632  -0.000008905065  0.000000006879  -0.000008325828  0.056034174502  0  0.000000000000 -13433.317869240198  -13823.761292079216  5198317.514477544464  0.000004337026  0.000000563153  -0.000008602353  0
2026/09/16 15:16:41  0.082385750606  1.482602703119  -0.000004213853  -0.000009231704  -0.000000521757  -0.000008866581  0.056238598213  0  0.000000000000 -55829.166137846129  -29166.772388288748  5537165.949726248160  0.000002105409  0.000000587540  -0.000003672403  0
2026/09/16 15:16:41  0.084465538716  1.494096694907  -0.000004313967  -0.000009600541  -0.000002717627  -0.000010012167  0.056456347131  0  0.000000000000 -43391.651062262608  -28122.980321008712  6450655.676567068323  0.000000612021  0.000000671871  -0.000002586275  0
2026/09/16 15:16:41  0.086554641922  1.507542734131  -0.000004476957  -0.000010010098  -0.000004424450  -0.000011117695  0.056710019010  0  0.000000000000 4882.821908085517  -5819.361708907594  7342214.809375984594  0.000000404343  0.000000403445  -0.000000726050  0
2026/09/16 15:16:41  0.088654347194  1.522920297745  -0.000004632880  -0.000010428069  -0.000004232703  -0.000011346271  0.056998751430  0  0.000000000000 45845.815774147282  6069.052799685259  6096463.650637649000  -0.000000111437  -0.000000063166  0.000000135017  0
2026/09/16 15:16:41  0.090762855288  1.535747905731  -0.000004722386  -0.000010837246  -0.000002429775  -0.000011107681  0.057238494716  0  0.000000000000 41170.520459220410  -16149.320580083964  4519257.912587476894  -0.000000317833  -0.000000082624  0.000001291805  0
2026/09/16 15:16:41  0.092877888607  1.545291540711  -0.000004752249  -0.000011269820  -0.000000810690  -0.000011742967  0.057416214424  0  0.000000000000 32484.707180243062  -11851.697847144656  3376856.377150244545  0.000000251461  0.000000110844  0.000003081865  0
2026/09/16 15:16:41  0.094997797542  1.552441935447  -0.000004735058  -0.000011719553  0.000000466695  -0.000012208864  0.057549009220  0  0.000000000000 26835.349016100161  10217.672752843773  3376369.007677280810  0.000003013395  0.000000163090  0.000004072625  0
2026/09/16 15:16:41  0.097122581276  1.559607758711  -0.000004678997  -0.000012154406  0.000001521883  -0.000011805011  0.057681784850  0  0.000000000000 17058.184733113707  18902.167182543744  2229379.691317631397  0.000005338572  0.000000921306  0.000006797758  0
2026/09/16 15:16:41  0.099250583726  1.564348295557  -0.000004598250  -0.000012561742  0.000002192069  -0.000011058057  0.057769455153  0  0.000000000000 14169.150080373714  10178.536720375399  1505366.202870808309  0.000004924397  0.000002596892  0.000007152023  0
2026/09/16 15:16:41  0.101380759555  1.567553353905  -0.000004497043  -0.000012954208  0.000002747503  -0.000010654437  0.057828653644  0  0.000000000000 11294.396042690732  5257.625009373474  707878.779801434139  0.000002383832  0.000003615714  0.000009020907  0
2026/09/16 15:16:41  0.103511957379  1.569061621671  -0.000004379566  -0.000013338999  0.000003189192  -0.000010446058  0.057856490960  0  0.000000000000 8732.550051530088  7871.294486635806  224510.353299026610  -0.000004210375  0.000003321316  0.000009952574  0
2026/09/16 15:16:41  0.105643479336  1.569540133934  -0.000004249523  -0.000013712492  0.000003530337  -0.000010139387  0.057865319824  0  0.000000000000 7099.910605845510  7605.015126633671  -143404.580437781871  0.000007502268  -0.000001780968  0.000010560885  0
2026/09/16 15:16:41  0.107774794256  1.569234478861  -0.000004109150  -0.000014074781  0.000003810752  -0.000009835211  0.057859680443  0  0.000000000000 5192.531011624715  3110.929142086758  -324374.582122074557  -0.000000251430  -0.000006123244  0.000011057147  0
2026/09/16 15:16:41  0.109905640862  1.568543210526  -0.000003961103  -0.000014432571  0.000004019116  -0.000009713046  0.057846924420  0  0.000000000000 3098.115292234568  2979.426015055766  -458875.970199374889  -0.000010880989  -0.000005016006  0.000014489939  0
2026/09/16 15:16:41  0.112035824969  1.567565568305  -0.000003808441  -0.000014786317  0.000004144363  -0.000009603288  0.057828879132  0  0.000000000000 4361.948341423567  4121.527999823703  -414168.521313827892  -0.000010883164  -0.000002226549  0.000011204050  0
2026/09/16 15:16:41  0.114165411121  1.566683437003  -0.000003649405  -0.000015134367  0.000004317410  -0.000009448616  0.057812591964  0  0.000000000000 895.835296651974  1697.556465737989  -133022.768904599390  -0.000007818117  -0.000000340507  0.000009852649  0
2026/09/16 15:16:41  0.116294805221  1.566400166329  -0.000003489062  -0.000015480153  0.000004352869  -0.000009387179  0.057807360846  0  0.000000000000 -2802.058677836306  414.528451546676  307948.312525078712  -0.000002950810  -0.000000611555  0.000010951343  0
2026/09/16 15:16:41  0.118424643922  1.567055977978  -0.000003332763  -0.000015825413  0.000004243093  -0.000009372886  0.057819470905  0  0.000000000000 -7050.519366666660  2972.800649644845  784232.960419819690  0.000001742474  0.000000012632  0.000008423181  0
2026/09/16 15:16:41  0.120555614855  1.568726711391  -0.000003186679  -0.000016166322  0.000003965822  -0.000009254795  0.057850310848  0  0.000000000000 -13976.438190653209  1541.299329805740  1422014.608291163109  0.000004728200  0.000001518876  0.000010720988  0
2026/09/16 15:16:41  0.122688638798  1.571758442429  -0.000003060878  -0.000016504879  0.000003415163  -0.000009190963  0.057906231538  0  0.000000000000 -11591.067001396819  -2786.705249600790  2477992.806890438311  0.000004666437  0.000003615524  0.000009172522  0
2026/09/16 15:16:41  0.124825240257  1.577048492125  -0.000002951960  -0.000016847353  0.000002956878  -0.000009297368  0.058003678546  0  0.000000000000 14499.832441990064  14536.642082775428  3975436.882789157331  0.000003337232  0.000002852316  0.000009162939  0
2026/09/16 15:16:41  0.126967580986  1.585553823101  -0.000002822111  -0.000017168683  0.000003525133  -0.000008723434  0.058160012506  0  0.000000000000 31957.824457065963  30878.016729286857  4841024.731648222543  0.000004364419  0.000001409623  0.000008746604  0
2026/09/16 15:16:42  0.129116910411  1.595941862191  -0.000002646006  -0.000017445172  0.000004780906  -0.000007506165  0.058350385688  0  0.000000000000 18947.772441739067  22910.562716726799  4779991.230483030900  0.000006947833  0.000000953014  0.000011423096  0
2026/09/16 15:16:42  0.131273140191  1.606232128246  -0.000002442482  -0.000017688295  0.000005525370  -0.000006600429  0.058538358728  0  0.000000000000 -23979.711189677626  -11150.570697670044  7738934.278545822017  0.000007532867  0.000000241553  0.000009348052  0
2026/09/16 15:16:42  0.133440541353  1.622962273770  -0.000002273702  -0.000017947374  0.000004582201  -0.000007033722  0.058842692132  0  0.000000000000 -69127.807474812245  -39080.334509863293  10094001.101947624236  0.000004435444  -0.000000196120  0.000003636656  0
2026/09/16 15:16:42  0.135622512605  1.644913556015  -0.000002205050  -0.000018262940  0.000001863888  -0.000008567474  0.059239638483  0  0.000000000000 -77375.485285702947  -61850.141627879049  7243719.391825078987  0.000002348198  -0.000000223423  0.000000778092  0
2026/09/16 15:16:42  0.137814939105  1.660757008659  -0.000002248466  -0.000018668025  -0.000001178745  -0.000010998088  0.059524497573  0  0.000000000000 -45945.372619139904  -27980.867894171515  8457995.813499435782  0.000001024966  -0.000000187967  0.000000134671  0
2026/09/16 15:16:42  0.140019572812  1.679352164532  -0.000002358423  -0.000019113603  -0.000002985414  -0.000012097715  0.059857108055  0  0.000000000000 13878.002817234110  17076.501436709903  12636184.810595747083  0.000000067786  -0.000000033846  0.000000317408  0
2026/09/16 15:16:42  0.142242442643  1.707325538128  -0.000002448277  -0.000019534434  -0.000002439638  -0.000011426134  0.060354025717  0  0.000000000000 18559.568647554934  20824.265623618277  8037234.451305169612  -0.000000046397  0.000000003161  -0.000000025421  0
2026/09/16 15:16:42  0.144476910695  1.725237870428  -0.000002511248  -0.000019925097  -0.000001709786  -0.000010607253  0.060670089768  0  0.000000000000 14003.206151866592  10407.209338609551  8990609.455267854035  -0.000000560299  0.000000038819  0.000000258278  0
2026/09/16 15:16:42  0.146724351960  1.745385415881  -0.000002553938  -0.000020300694  -0.000001159138  -0.000010198391  0.061023645268  0  0.000000000000 11468.518129399255  1023.671203656176  11053029.201427724212  -0.000001304400  0.000000106753  0.000001512435  0
2026/09/16 15:16:42  0.148987741307  1.770314584181  -0.000002580020  -0.000020674832  -0.000000708216  -0.000010159075  0.061458305375  0  0.000000000000 4378.304523450338  -9910.736112828619  10897268.056877238676  -0.000002337312  0.000000052358  0.000003774449  0
2026/09/16 15:16:42  0.151266852747  1.795065005588  -0.000002599762  -0.000021063377  -0.000000536077  -0.000010550511  0.061886840178  0  0.000000000000 -6158.323708535083  -10959.458267524868  10125480.624764099717  -0.000002304449  -0.000000245771  0.000004832450  0
2026/09/16 15:16:42  0.153560571663  1.818216055262  -0.000002628415  -0.000021467845  -0.000000778074  -0.000010983175  0.062285024459  0  0.000000000000 -7432.989647011106  -10556.772833671854  6328419.229059511796  -0.000002318182  -0.000000592110  0.000005668279  0
2026/09/16 15:16:42  0.155863419692  1.832760554401  -0.000002667817  -0.000021887658  -0.000001069942  -0.000011400022  0.062533889392  0  0.000000000000 -445.780823484408  -1734.120419167549  5036845.566653494723  -0.000002822308  -0.000000131614  0.000008951072  0
2026/09/16 15:16:42  0.158173533363  1.844377940428  -0.000002707860  -0.000022310053  -0.000001087377  -0.000011470296  0.062731963222  0  0.000000000000 -3547.488632260897  -6978.683734453621  5374241.207909665070  -0.000003142726  0.000000183034  0.000017600650  0
2026/09/16 15:16:42  0.160491399068  1.856813877233  -0.000002753044  -0.000022742634  -0.000001227020  -0.000011747056  0.062943305127  0  0.000000000000 -18714.041344580102  -21968.670429104219  4772686.286339530721  -0.000003556182  -0.000000631334  0.000010579799  0
2026/09/16 15:16:42  0.162816148843  1.867892749098  -0.000002825311  -0.000023207121  -0.000001962482  -0.000012613611  0.063130990900  0  0.000000000000 -14933.332922822834  -19180.689602642531  2600056.922109107487  -0.000002079222  -0.000000904681  0.000013077148  0
2026/09/16 15:16:42  0.165144648807  1.873942105200  -0.000002919178  -0.000023699437  -0.000002549065  -0.000013369436  0.063233238075  0  0.000000000000 838.809339110694  -2779.878262075007  1771913.526537694503  0.000002981713  -0.000000092967  0.000011221035  0
2026/09/16 15:16:42  0.167475704448  1.878070269357  -0.000003011827  -0.000024195694  -0.000002516011  -0.000013476535  0.063302918533  0  0.000000000000 3104.590940582004  -1087.893965364131  1018890.312165741925  0.000003967011  0.000001888280  0.000014519126  0
2026/09/16 15:16:42  0.169808229646  1.880446107671  -0.000003100032  -0.000024693417  -0.000002395332  -0.000013516360  0.063342986370  0  0.000000000000 14.659826407532  -1165.011753873875  202144.290934578370  0.000002202194  0.000003329014  0.000014496690  0
2026/09/16 15:16:42  0.172141046397  1.880917643728  -0.000003188307  -0.000025192766  -0.000002397239  -0.000013560533  0.063350935690  0  0.000000000000 925.965495735555  3546.782606006052  -236433.142814349703  -0.000000295300  0.000002290254  0.000014955491  0
2026/09/16 15:16:42  0.174473522140  1.880366128929  -0.000003275305  -0.000025686988  -0.000002362535  -0.000013421275  0.063341637962  0  0.000000000000 1957.637824811370  4985.828443395460  -441334.978686490271  -0.000002506907  0.000000864911  0.000007496403  0
2026/09/16 15:16:42  0.176805361342  1.879336866405  -0.000003359491  -0.000026174059  -0.000002286197  -0.000013227075  0.063324282474  0  0.000000000000 3070.516979122588  6584.374920174188  -646786.997874712688  -0.000001088037  0.000000910804  0.000007276194  0
2026/09/16 15:16:42  0.179136267673  1.877828965048  -0.000003439256  -0.000026651626  -0.000002166128  -0.000012968955  0.063298847591  0  0.000000000000 6629.488434267082  10618.792267664796  -889230.489686969086  0.000000081225  0.000001274724  0.000007316011  0
2026/09/16 15:16:42  0.181465891448  1.875756822653  -0.000003509456  -0.000027113814  -0.000001906374  -0.000012551311  0.063263878623  0  0.000000000000 11395.804919625567  15182.392727855833  -638139.548329477082  -0.000000375841  0.000001236294  0.000005141371  0
2026/09/16 15:16:42  0.183794594815  1.874270491503  -0.000003563188  -0.000027554028  -0.000001459155  -0.000011954543  0.063238783801  0  0.000000000000 15498.099123781785  14871.672893279085  -511580.642208895704  -0.000001210633  0.000000808537  0.000003623702  0
2026/09/16 15:16:42  0.186122560310  1.873079360864  -0.000003594499  -0.000027972740  -0.000000850295  -0.000011370616  0.063218665904  0  0.000000000000 12373.842954060108  18756.650304566232  -658798.090034107794  -0.000000424650  0.000000407036  0.000001683392  0
2026/09/16 15:16:42  0.188449575593  1.871546014890  -0.000003607903  -0.000028364302  -0.000000363996  -0.000010633327  0.063192758685  0  0.000000000000 7615.889397518857  13552.768747148466  -490621.671143089945  -0.000000036414  0.000000386379  0.000001126968  0
2026/09/16 15:16:43  0.190775883228  1.870404504544  -0.000003610289  -0.000028736240  -0.000000064789  -0.000010100391  0.063173465000  0  0.000000000000 7442.915907746972  11210.963513526740  -366038.083887691610  -0.000000126917  0.000000259556  0.000000531541  0
2026/09/16 15:16:43  0.193101662907  1.869553084119  -0.000003601904  -0.000029091947  0.000000227710  -0.000009659615  0.063159070561  0  0.000000000000 4531.540009035060  7320.341339123874  -282233.720055347134  -0.000000171500  0.000000101615  0.000000273460  0
2026/09/16 15:16:43  0.195427035504  1.868896728222  -0.000003586959  -0.000029437059  0.000000405838  -0.000009371870  0.063147971727  0  0.000000000000 -449.370492669067  1325.005945414317  -192023.301896706573  -0.000000009602  0.000000023738  0.000000140017  0
2026/09/16 15:16:43  0.197752131134  1.868450229163  -0.000003572666  -0.000029780252  0.000000388148  -0.000009319771  0.063140420415  0  0.000000000000 -2744.615712702614  -1576.263108510668  -220346.227186703763  0.000000019872  0.000000000968  0.000000050402  0
2026/09/16 15:16:43  0.200076908945  1.867937938212  -0.000003562347  -0.000030125727  0.000000280216  -0.000009381743  0.063131755305  0  0.000000000000 -2271.070082322349  -1184.403905245714  -154364.857375166524  -0.000000003158  -0.000000000836  -0.000000006471  0
2026/09/16 15:16:43  0.202401464107  1.867579091460  -0.000003555317  -0.000030472918  0.000000190907  -0.000009428322  0.063125684911  0  0.000000000000 -445.405173196400  -587.465367671941  -132601.977574700635  0.000000002628  -0.000000006892  -0.000000021384  0
2026/09/16 15:16:43  0.204725828007  1.867270863581  -0.000003548932  -0.000030820960  0.000000173396  -0.000009451422  0.063120470341  0  0.000000000000 -1011.189865911510  -1168.810677442965  -103906.543657030648  -0.000000023515  -0.000000000229  -0.000000038449  0
2026/09/16 15:16:43  0.207050042036  1.867029354787  -0.000003544011  -0.000031170694  0.000000133631  -0.000009497403  0.063116384219  0  0.000000000000 -366.971131566569  -628.472431140943  -86182.488237520854  -0.000000039599  -0.000000000925  -0.000000040595  0
2026/09/16 15:16:43  0.209374131759  1.866829053628  -0.000003539622  -0.000031521341  0.000000119201  -0.000009522147  0.063112995094  0  0.000000000000 1042.573868295926  1364.750558513219  -63764.348255600184  -0.000000009921  -0.000000032387  -0.000000032720  0
2026/09/16 15:16:43  0.211698129509  1.866680862518  -0.000003533721  -0.000031870011  0.000000160224  -0.000009468486  0.063110487563  0  0.000000000000 0.000000000000  0.000000000000  0.000000000000  0.000000000000  0.000000000000  0.000000000000  0
2026/09/16 15:16:43  0.214022127260  1.866680862518  -0.000003527821  -0.000032218681  0.000000160224  -0.000009468486  0.063110487563  0  0.000000000000 0.000000000000  0.000000000000  0.000000000000  0.000000000000  0.000000000000  0.000000000000  0
